 1E-05       8.91639E+07  0
 1.10304E-05 8.48981E+07  0
 1.21669E-05 8.08364E+07  0
 1.34206E-05 7.69691E+07  0
 1.48034E-05 7.3287E+07   0
 1.63286E-05 6.97811E+07  0
 1.80111E-05 6.64429E+07  0
 1.98669E-05 6.32646E+07  0
 2.19139E-05 6.02384E+07  0
 2.41719E-05 5.73571E+07  0
 2.66625E-05 5.46137E+07  0
 2.94097E-05 5.20016E+07  0
 3.244E-05   4.95146E+07  0
 3.57825E-05 4.71467E+07  0
 3.94694E-05 4.48922E+07  0
 4.35362E-05 4.27456E+07  0
 4.80221E-05 4.07018E+07  0
 5.29701E-05 3.87559E+07  0
 5.8428E-05  3.69032E+07  0
 6.44482E-05 3.51393E+07  0
 7.10888E-05 3.34599E+07  0
 7.84136E-05 3.1861E+07   0
 8.64931E-05 3.03387E+07  0
 9.54051E-05 2.88893E+07  0
 0.000105235 2.75095E+07  0
 0.000116078 2.61958E+07  0
 0.000128039 2.49452E+07  0
 0.000141232 2.37546E+07  0
 0.000155784 2.26211E+07  0
 0.000171835 2.15421E+07  0
 0.00018954  2.05149E+07  0
 0.00020907  1.95371E+07  0
 0.000230612 1.86064E+07  0
 0.000254374 1.77204E+07  0
 0.000280584 1.68771E+07  0
 0.000309494 1.60745E+07  0
 0.000341383 1.53106E+07  0
 0.000376558 1.45836E+07  0
 0.000415358 1.38918E+07  0
 0.000458155 1.32335E+07  0
 0.000505362 1.26071E+07  0
 0.000557433 1.20112E+07  0
 0.000614869 1.14443E+07  0
 0.000678223 1.0905E+07   0
 0.000748105 1.03921E+07  0
 0.000825188 9.90436E+06  0
 0.000910213 9.4406E+06   0
 0.001004    8.99971E+06  0
 0.00110745  8.58064E+06  0
 0.00122155  8.1824E+06   0
 0.00134742  7.80404E+06  0
 0.00148625  7.44465E+06  0
 0.00163939  7.10339E+06  0
 0.00180831  6.77944E+06  0
 0.00199463  6.47203E+06  0
 0.00221568  6.16014E+06  0
 0.00246109  5.8657E+06   0
 0.00273382  5.58765E+06  0
 0.00303663  5.32551E+06  0
 0.00337314  5.07833E+06  0
 0.00374677  4.84569E+06  0
 0.00416197  4.62678E+06  0
 0.00462297  4.42124E+06  0
 0.00513528  4.22838E+06  0
 0.00570408  4.04793E+06  0
 0.00633619  3.87928E+06  0
 0.00703801  3.72221E+06  0
 0.00781795  3.57619E+06  0
 0.00868389  3.44101E+06  0
 0.00971379  3.30838E+06  0
 0.0108658   3.18758E+06  0
 0.0121545   3.07859E+06  0
 0.013596    2.98142E+06  0
 0.0152085   2.89608E+06  0
 0.0171322   2.81842E+06  0
 0.0192983   2.75458E+06  0
 0.0217393   2.70516E+06  0
 0.0244879   2.67105E+06  0
 0.0252419   2.66492E+06  0
 0.0253      2.66449E+06  0
 0.0286998   2.65094E+06  0
 0.0294984   2.65053E+06  0
 0.0336984   2.66187E+06  0
 0.0387661   2.69817E+06  0
 0.0471664   2.78727E+06  0
 0.0561922   2.88384E+06  0
 0.0615509   2.92255E+06  0
 0.066017    2.93573E+06  0
 0.0664794   2.9359E+06   0
 0.070409    2.92712E+06  0
 0.0744672   2.89752E+06  0
 0.0782077   2.85081E+06  0
 0.0821401   2.78174E+06  0
 0.0862533   2.68902E+06  0
 0.0905858   2.57164E+06  0
 0.095807    2.40921E+06  0
 0.102759    2.17113E+06  0
 0.113347    1.79961E+06  0
 0.119046    1.61041E+06  0
 0.124156    1.45235E+06  0
 0.128578    1.3258E+06   0
 0.132232    1.22877E+06  0
 0.135989    1.13612E+06  0
 0.139853    1.0482E+06   0
 0.143827    965248       0
 0.147914    887397       0
 0.151059    832308       0
 0.154264    780204       0
 0.157543    730796       0
 0.160885    684253       0
 0.164306    640278       0
 0.167791    598988       0
 0.171359    560090       0
 0.174994    523660       0
 0.178714    489421       0
 0.182505    457419       0
 0.186385    427394       0
 0.190339    399374       0
 0.194386    373120       0
 0.198509    348647       0
 0.20273     325738       0
 0.20703     304401       0
 0.211432    284439       0
 0.215917    265857       0
 0.220508    248479       0
 0.225185    232307       0
 0.229973    217187       0
 0.234851    203117       0
 0.239844    189962       0
 0.244932    177720       0
 0.250139    166274       0
 0.255445    155621       0
 0.260877    145657       0
 0.26641     136382       0
 0.272075    127705       0
 0.277846    119624       0
 0.283753    112062       0
 0.289772    105018       0
 0.295933    98423.2      0
 0.30221     92277.7      0
 0.308636    86523        0
 0.315183    81158.1      0
 0.321884    76130.9      0
 0.328712    71440.3      0
 0.335701    67042.6      0
 0.342822    62938.6      0
 0.350111    59090.1      0
 0.357537    55496.6      0
 0.365139    52124.1      0
 0.372884    48973        0
 0.380812    46014.7      0
 0.38889     43249.8      0
 0.397159    40653.1      0
 0.405583    38225.2      0
 0.414206    35944.2      0
 0.422992    33811.3      0
 0.431986    31807.8      0
 0.441149    29933.9      0
 0.450529    28170.8      0
 0.460085    26518.3      0
 0.469868    24962.2      0
 0.479834    23504.3      0
 0.490036    22131.9      0
 0.500431    20845.9      0
 0.511071    19635        0
 0.521912    18499.8      0
 0.533008    17430.5      0
 0.544315    16427.7      0
 0.555888    15482.7      0
 0.567679    14596.1      0
 0.579749    13760.3      0
 0.592046    12975.9      0
 0.604634    12236.2      0
 0.61746     11541.8      0
 0.630588    10886.6      0
 0.643964    10271.4      0
 0.657656    9690.73      0
 0.671606    9145.26      0
 0.685885    8630.33      0
 0.700434    8146.43      0
 0.715326    7689.49      0
 0.7305      7259.95      0
 0.746032    6854.22      0
 0.761856    6472.72      0
 0.778055    6112.26      0
 0.794558    5773.25      0
 0.811452    5452.98      0
 0.828664    5151.89      0
 0.846283    4867.35      0
 0.870331    4513.1       0
 0.895062    4184.49      0
 0.914048    3954.5       0
 0.940021    3667.87      0
 0.966732    3402.63      0
 0.987286    3216.75      0
 1.01534     2985.62      0
 1.04419     2770.94      0
 1.07386     2571.78      0
 1.10438     2387.24      0
 1.13576     2216.22      0
 1.16803     2057.7       0
 1.20122     1910.75      0
 1.23536     1774.49      0
 1.27046     1648.14      0
 1.30656     1530.95      0
 1.34369     1422.24      0
 1.38187     1321.39      0
 1.42113     1227.81      0
 1.46152     1140.96      0
 1.50304     1060.36      0
 1.54575     985.544      0
 1.58968     916.086      0
 1.63485     851.596      0
 1.6813      791.713      0
 1.72908     736.099      0
 1.77821     684.446      0
 1.82874     636.466      0
 1.8807      591.894      0
 1.93415     550.498      0
 1.98911     512.188      0
 2.04563     476.464      0
 2.10375     443.208      0
 2.16353     412.3        0
 2.22501     383.571      0
 2.28824     356.866      0
 2.35326     332.041      0
 2.42013     308.96       0
 2.48889     287.499      0
 2.55962     267.545      0
 2.63235     248.989      0
 2.70715     231.731      0
 2.78407     215.68       0
 2.86319     200.752      0
 2.94454     186.865      0
 3.02821     173.947      0
 3.11426     161.929      0
 3.20276     150.748      0
 3.29376     140.345      0
 3.38736     130.665      0
 3.48361     121.658      0
 3.5826      113.276      0
 3.6844      105.475      0
 3.78909     98.2159      0
 3.89676     91.499       0
 4.00749     85.209       0
 4.12137     79.3501      0
 4.23848     73.897       0
 4.35891     68.8212      0
 4.48277     64.0959      0
 4.61015     59.6965      0
 4.74115     55.6001      0
 4.87588     51.7861      0
 5.01443     48.2359      0
 5.15691     44.9311      0
 5.30345     41.8533      0
 5.45415     38.9865      0
 5.60913     36.318       0
 5.76852     33.8341      0
 5.93243     31.5292      0
 6.101       29.3726      0
 6.27437     27.3638      0
 6.45266     25.4926      0
 6.63601     23.7498      0
 6.82458     22.1267      0
 7.0185      20.6155      0
 7.21793     19.2047      0
 7.42303     17.8932      0
 7.63396     16.675       0
 7.85089     15.5404      0
 8.07397     14.4803      0
 8.3034      13.4926      0
 8.53934     12.5725      0
 8.78199     11.7153      0
 9.03154     10.9156      0
 9.28817     10.1715      0
 9.5521      9.47852      0
 9.82352     8.83284      0
 10.1027     8.23144      0
 10.3897     7.67097      0
 10.685      7.14872      0
 10.9886     6.66299      0
 11.38       6.10299      0
 11.7034     5.68755      0
 12.0359     5.30058      0
 12.3779     4.9401       0
 12.7296     4.60429      0
 13.0914     4.29142      0
 13.3697     4.06993      0
 13.7496     3.79356      0
 14.1403     3.53587      0
 14.4403     3.35414      0
 14.7473     3.18135      0
 15.1663     2.96527      0
 15.5973     2.76345      0
 16.0405     2.57576      0
 16.4963     2.40095      0
 16.965      2.23762      0
 17.4471     2.08586      0
 17.9429     1.94403      0
 18.4527     1.81218      0
 18.9771     1.68901      0
 19.5163     1.57442      0
 20.0709     1.46755      0
 20.6412     1.36788      0
 21.2277     1.27506      0
 21.8309     1.18856      0
 22.294      1.12773      0
 22.9275     1.05129      0
 23.579      0.979962     0
 24.249      0.913471     0
 24.938      0.851498     0
 25.6467     0.793762     0
 26.3754     0.73999      0
 27.1249     0.689885     0
 27.7016     0.654356     0
 28.4888     0.610071     0
 29.0931     0.578764     0
 29.7116     0.549003     0
 30.5559     0.511846     0
 31.4242     0.477068     0
 32.3171     0.444704     0
 33.2354     0.41462      0
 34.1798     0.386438     0
 35.151      0.360301     0
 36.1499     0.335828     0
 37.1771     0.31311      0
 38.2335     0.291848     0
 39.3199     0.272092     0
 40.4372     0.253658     0
 41.5862     0.236448     0
 42.7679     0.220425     0
 43.6751     0.209206     0
 44.9162     0.195006     0
 46.1925     0.181785     0
 47.5051     0.169467     0
 48.8549     0.157987     0
 50.2432     0.147291     0
 51.6708     0.137327     0
 53.1391     0.128042     0
 54.2689     0.121446     0
 55.811      0.113242     0
 56.9949     0.107431     0
 58.6144     0.100173     0
 59.8606     0.0950292    0
 61.1304     0.0901613    0
 62.4301     0.0855339    0
 63.7544     0.0811554    0
 65.1099     0.0769931    0
 66.491      0.073054     0
 67.9047     0.0693082    0
 69.8343     0.0646032    0
 71.8186     0.0602362    0
 73.8594     0.0561483    0
 75.9581     0.0523548    0
 78.1165     0.0488014    0
 80.3362     0.0454999    0
 82.619      0.0424223    0
 84.9667     0.0395474    0
 87.3811     0.0368668    0
 89.2346     0.0350008    0
 91.1318     0.0331909    0
 94.3779     0.0304139    0
 97.0597     0.0283592    0
 99.1233     0.0269024    0
 101.226     0.0255234    0
 103.378     0.0242144    0
 106.316     0.0225762    0
 109.337     0.0210498    0
 111.624     0.0199813    0
 114.796     0.0186298    0
 118.058     0.0173726    0
 121.412     0.0161919    0
 124.862     0.0150994    0
 128.41      0.0140743    0
 132.059     0.0131242    0
 135.723     0.012253     0
 139.579     0.0114259    0
 143.546     0.0106521    0
 147.522     0.00994682   0
 151.714     0.00927453   0
 156.025     0.0086473    0
 161.591     0.00792099   0
 166.182     0.00738517   0
 170.904     0.00688529   0
 175.761     0.00641903   0
 180.755     0.0059847    0
 185.942     0.00557686   0
 188.647     0.00538027   0
 190         0.00528975   0
 190         2.30394      0
 192.681     2.27662      0
 195.399     2.24892      0
 196.875     2.23388      0
 199.653     2.2074       0
 202.469     2.18054      0
 203.75      2.16833      0
 206.625     2.14341      0
 209.54      2.11813      0
 212.496     2.0925       0
 215.494     2.0665       0
 217.5       2.04911      0
 220.569     2.02553      0
 223.68      2.00162      0
 226.836     1.97737      0
 230.036     1.95278      0
 231.25      1.94346      0
 234.513     1.92109      0
 237.821     1.8984       0
 241.176     1.87539      0
 244.579     1.85206      0
 245         1.84917      0
 248.457     1.82789      0
 251.962     1.8063       0
 255.517     1.78441      0
 258.75      1.7645       0
 262.4       1.7442       0
 266.103     1.72361      0
 269.857     1.70273      0
 272.5       1.68803      0
 276.344     1.66863      0
 280.243     1.64895      0
 284.197     1.629        0
 286.25      1.61863      0
 290.288     1.60005      0
 294.384     1.5812       0
 298.537     1.56209      0
 300         1.55536      0
 304.232     1.53745      0
 308.525     1.5193       0
 312.5       1.50249      0
 316.909     1.48522      0
 321.38      1.46772      0
 325         1.45354      0
 329.585     1.43687      0
 334.235     1.41996      0
 337.5       1.40809      0
 342.262     1.39198      0
 347.09      1.37563      0
 350         1.36578      0
 354.938     1.35068      0
 359.945     1.33537      0
 365.024     1.31985      0
 370.173     1.3041       0
 375         1.28935      0
 380.291     1.27513      0
 385.656     1.26071      0
 391.097     1.24609      0
 396.614     1.23127      0
 400         1.22217      0
 405.643     1.20874      0
 411.366     1.19512      0
 417.17      1.1813       0
 423.055     1.16729      0
 425         1.16266      0
 430.996     1.14993      0
 437.077     1.13702      0
 443.243     1.12392      0
 449.496     1.11065      0
 450         1.10958      0
 456.349     1.09747      0
 462.787     1.0852       0
 469.316     1.07276      0
 475         1.06192      0
 481.701     1.05039      0
 488.497     1.0387       0
 495.389     1.02684      0
 500         1.0189       0
 507.054     1.00789      0
 514.208     0.996722     0
 521.462     0.985396     0
 525         0.979873     0
 532.407     0.969333     0
 539.918     0.958644     0
 547.535     0.947805     0
 550         0.944297     0
 557.76      0.934191     0
 565.628     0.923942     0
 573.609     0.913548     0
 575         0.911736     0
 583.112     0.902028     0
 591.339     0.892183     0
 599.682     0.882199     0
 600         0.881818     0
 608.465     0.872478     0
 617.049     0.863006     0
 625         0.854233     0
 633.818     0.845232     0
 642.76      0.836105     0
 650         0.828715     0
 659.17      0.82003      0
 668.47      0.811222     0
 675         0.805038     0
 684.523     0.796646     0
 694.18      0.788136     0
 700         0.783008     0
 709.876     0.775024     0
 719.891     0.766927     0
 730.047     0.758715     0
 737.5       0.75269      0
 747.905     0.74507      0
 758.456     0.737342     0
 769.157     0.729505     0
 775         0.725226     0
 785.934     0.717937     0
 797.022     0.710545     0
 808.267     0.703048     0
 812.5       0.700226     0
 823.963     0.693239     0
 835.588     0.686152     0
 847.376     0.678966     0
 850         0.677367     0
 861.992     0.670655     0
 874.153     0.663849     0
 886.486     0.656947     0
 887.5       0.656379     0
 900.021     0.649921     0
 912.719     0.643372     0
 925         0.637037     0
 938.05      0.630813     0
 951.284     0.6245       0
 962.5       0.61915      0
 976.079     0.613141     0
 989.85      0.607047     0
 1000        0.602555     0
 1014.11     0.596876     0
 1028.42     0.591117     0
 1042.92     0.585277     0
 1057.64     0.579354     0
 1062.5      0.577397     0
 1077.49     0.572005     0
 1092.69     0.566537     0
 1108.11     0.560992     0
 1123.74     0.555369     0
 1125        0.554916     0
 1140.87     0.54978      0
 1156.97     0.544571     0
 1173.29     0.539289     0
 1187.5      0.53469      0
 1204.25     0.529783     0
 1221.24     0.524806     0
 1238.47     0.519759     0
 1250        0.516382     0
 1267.64     0.511681     0
 1285.52     0.506912     0
 1303.66     0.502077     0
 1312.5      0.499719     0
 1331.02     0.495203     0
 1349.8      0.490623     0
 1368.84     0.485979     0
 1375        0.484476     0
 1394.4      0.480129     0
 1414.07     0.47572      0
 1434.02     0.471249     0
 1437.5      0.470469     0
 1457.78     0.466275     0
 1478.35     0.462022     0
 1499.2      0.457709     0
 1500        0.457544     0
 1521.16     0.453633     0
 1542.62     0.449666     0
 1564.39     0.445644     0
 1586.46     0.441565     0
 1608.84     0.437428     0
 1625        0.434441     0
 1647.93     0.430757     0
 1671.18     0.42702      0
 1694.75     0.423231     0
 1718.66     0.419388     0
 1742.91     0.415492     0
 1750        0.414352     0
 1774.69     0.410861     0
 1799.73     0.407321     0
 1825.12     0.40373      0
 1850.87     0.40009      0
 1875        0.396677     0
 1901.45     0.393353     0
 1928.28     0.389982     0
 1955.48     0.386564     0
 1983.07     0.383097     0
 2000        0.380969     0
 2028.22     0.377791     0
 2056.83     0.374567     0
 2085.85     0.371297     0
 2115.28     0.367982     0
 2125        0.366887     0
 2154.98     0.363835     0
 2185.38     0.36074      0
 2216.21     0.357602     0
 2247.48     0.354419     0
 2250        0.354163     0
 2281.74     0.351224     0
 2313.93     0.348243     0
 2346.58     0.345221     0
 2375        0.342589     0
 2408.51     0.33975      0
 2442.49     0.336871     0
 2476.95     0.333952     0
 2500        0.331998     0
 2535.27     0.329249     0
 2571.04     0.326461     0
 2607.31     0.323634     0
 2625        0.322255     0
 2662.03     0.319586     0
 2699.59     0.31688      0
 2737.68     0.314136     0
 2750        0.313248     0
 2788.8      0.310741     0
 2828.14     0.308198     0
 2868.04     0.30562      0
 2908.51     0.303005     0
 2949.54     0.300353     0
 2991.15     0.297664     0
 3000        0.297093     0
 3042.32     0.294701     0
 3085.25     0.292276     0
 3128.77     0.289816     0
 3172.92     0.287322     0
 3217.68     0.284793     0
 3250        0.282966     0
 3295.85     0.280673     0
 3342.35     0.278348     0
 3389.5      0.275989     0
 3437.32     0.273597     0
 3485.82     0.271172     0
 3500        0.270463     0
 3549.38     0.268255     0
 3599.45     0.266015     0
 3650.24     0.263744     0
 3701.73     0.261441     0
 3750        0.259283     0
 3802.91     0.257149     0
 3856.56     0.254985     0
 3910.97     0.252791     0
 3966.14     0.250565     0
 4000        0.2492       0
 4056.43     0.247132     0
 4113.66     0.245036     0
 4171.7      0.242909     0
 4230.55     0.240753     0
 4250        0.240041     0
 4309.96     0.238032     0
 4370.77     0.235996     0
 4432.43     0.233931     0
 4494.96     0.231836     0
 4500        0.231668     0
 4563.49     0.229713     0
 4627.87     0.227731     0
 4693.16     0.225721     0
 4750        0.223972     0
 4817.01     0.222067     0
 4884.97     0.220135     0
 4953.89     0.218175     0
 5000        0.216865     0
 5070.54     0.215005     0
 5142.08     0.213119     0
 5214.62     0.211206     0
 5250        0.210274     0
 5324.07     0.208456     0
 5399.18     0.206612     0
 5475.35     0.204743     0
 5500        0.204138     0
 5577.6      0.202416     0
 5656.29     0.200669     0
 5736.08     0.198898     0
 5817.01     0.197102     0
 5899.08     0.19528      0
 5982.3      0.193433     0
 6000        0.19304      0
 6084.65     0.191383     0
 6170.49     0.189702     0
 6257.55     0.187998     0
 6345.83     0.18627      0
 6435.36     0.184517     0
 6500        0.183251     0
 6591.7      0.181652     0
 6684.7      0.180031     0
 6779.01     0.178387     0
 6874.65     0.17672      0
 6971.64     0.175029     0
 7000        0.174535     0
 7098.76     0.172969     0
 7198.91     0.171382     0
 7300.47     0.169773     0
 7375        0.168592     0
 7479.05     0.167065     0
 7584.56     0.165517     0
 7691.57     0.163947     0
 7750        0.16309      0
 7859.34     0.1616       0
 7970.22     0.160089     0
 8082.67     0.158557     0
 8125        0.15798      0
 8239.63     0.156524     0
 8355.88     0.155048     0
 8473.76     0.153552     0
 8500        0.153218     0
 8619.92     0.151841     0
 8741.53     0.150443     0
 8864.86     0.149026     0
 8989.93     0.14759      0
 9116.76     0.146132     0
 9245.38     0.144655     0
 9250        0.144602     0
 9380.5      0.14328      0
 9512.84     0.14194      0
 9647.05     0.14058      0
 9783.15     0.139202     0
 9921.18     0.137804     0
 10000       0.137006     0
 10141.1     0.135724     0
 10284.2     0.134425     0
 10429.2     0.133106     0
 10576.4     0.13177      0
 10625       0.131328     0
 10774.9     0.130087     0
 10926.9     0.128829     0
 11081.1     0.127554     0
 11237.4     0.12626      0
 11250       0.126156     0
 11408.7     0.124954     0
 11569.7     0.123735     0
 11732.9     0.122499     0
 11875       0.121423     0
 12042.5     0.120258     0
 12212.4     0.119076     0
 12384.7     0.117878     0
 12500       0.117076     0
 12676.4     0.115945     0
 12855.2     0.114799     0
 13036.6     0.113636     0
 13125       0.113069     0
 13310.2     0.111971     0
 13498       0.110858     0
 13688.4     0.109729     0
 13750       0.109364     0
 13944       0.108297     0
 14140.7     0.107216     0
 14340.2     0.106119     0
 14375       0.105927     0
 14577.8     0.104891     0
 14783.5     0.103839     0
 14992       0.102773     0
 15000       0.102732     0
 15211.6     0.101757     0
 15426.2     0.100768     0
 15643.9     0.0997644    0
 15864.6     0.0987472    0
 16088.4     0.0977156    0
 16250       0.0969708    0
 16479.3     0.0960448    0
 16711.8     0.0951058    0
 16947.5     0.0941535    0
 17186.6     0.0931877    0
 17429.1     0.0922084    0
 17500       0.091922     0
 17746.9     0.0910416    0
 17997.3     0.0901487    0
 18251.2     0.0892432    0
 18508.7     0.088325     0
 18750       0.0874644    0
 19014.5     0.086626     0
 19282.8     0.0857757    0
 19554.8     0.0849135    0
 19830.7     0.0840391    0
 20000       0.0835026    0
 20282.2     0.0827032    0
 20568.3     0.0818924    0
 20858.5     0.0810703    0
 21152.8     0.0802365    0
 21250       0.079961     0
 21549.8     0.0791978    0
 21853.8     0.0784237    0
 22162.1     0.0776387    0
 22474.8     0.0768427    0
 22500       0.0767786    0
 22817.4     0.0760489    0
 23139.3     0.075309     0
 23465.8     0.0745586    0
 23750       0.0739053    0
 24085.1     0.073207     0
 24424.9     0.0724988    0
 24769.5     0.0717806    0
 25000       0.0713001    0
 25352.7     0.0706309    0
 25710.4     0.0699523    0
 26073.1     0.0692641    0
 26250       0.0689285    0
 26620.3     0.0682866    0
 26995.9     0.0676356    0
 27376.8     0.0669754    0
 27500       0.0667618    0
 27888       0.0661453    0
 28281.4     0.0655201    0
 28680.4     0.0648861    0
 28750       0.0647755    0
 29155.6     0.0641828    0
 29566.9     0.0635816    0
 29984.1     0.062972     0
 30000       0.0629488    0
 30423.2     0.0623562    0
 30852.5     0.0617552    0
 31250       0.0611986    0
 31690.9     0.060628     0
 32138       0.0600493    0
 32500       0.0595808    0
 32958.5     0.0590502    0
 33423.5     0.0585121    0
 33895       0.0579664    0
 34373.2     0.0574131    0
 34858.2     0.0568519    0
 35000       0.0566878    0
 35493.8     0.0561919    0
 35994.5     0.055689     0
 36502.4     0.055179     0
 37017.3     0.0546618    0
 37500       0.0541771    0
 38029.1     0.0537116    0
 38565.6     0.0532396    0
 39109.7     0.0527609    0
 39661.4     0.0522754    0
 40000       0.0519775    0
 40564.3     0.0515387    0
 41136.6     0.0510937    0
 41717       0.0506424    0
 42305.5     0.0501847    0
 42500       0.0500335    0
 43099.6     0.049618     0
 43707.7     0.0491966    0
 44324.3     0.0487694    0
 44949.6     0.048336     0
 45000       0.0483011    0
 45634.9     0.0479061    0
 46278.7     0.0475055    0
 46931.6     0.0470993    0
 47500       0.0467456    0
 48170.1     0.0463685    0
 48849.7     0.0459861    0
 49538.9     0.0455982    0
 50000       0.0453388    0
 50705.4     0.0449933    0
 51420.8     0.0446429    0
 52146.2     0.0442875    0
 52500       0.0441142    0
 53240.7     0.0437816    0
 53991.8     0.0434442    0
 54753.5     0.0431021    0
 55000       0.0429915    0
 55775.9     0.0426818    0
 56562.8     0.0423678    0
 57360.8     0.0420494    0
 58170.1     0.0417264    0
 58990.8     0.0413989    0
 59823       0.0410668    0
 60000       0.0409962    0
 60846.5     0.0407032    0
 61704.9     0.0404059    0
 62575.5     0.0401045    0
 63458.3     0.0397989    0
 64353.6     0.0394889    0
 65000       0.0392651    0
 65917       0.0389849    0
 66847       0.0387006    0
 67790.1     0.0384124    0
 68746.5     0.0381201    0
 69716.4     0.0378236    0
 70000       0.0377369    0
 70987.6     0.0374928    0
 71989.1     0.0372452    0
 73004.7     0.0369941    0
 74034.7     0.0367395    0
 75079.2     0.0364812    0
 76138.4     0.0362194    0
 77212.6     0.0359538    0
 77500       0.0358828    0
 78593.4     0.0356468    0
 79702.2     0.0354075    0
 80826.6     0.0351648    0
 81967       0.0349187    0
 83123.4     0.0346691    0
 84296.1     0.034416     0
 85000       0.0342641    0
 86199.2     0.0340337    0
 87415.3     0.0338001    0
 88648.6     0.0335631    0
 89899.3     0.0333229    0
 91167.6     0.0330792    0
 92453.8     0.0328321    0
 92500       0.0328232    0
 100000      0.0315221    0
 100000      0.0315386    0
 112230      0.0299228    0
 124596      0.0285149    0
 135689      0.0274262    0
 148847      0.0262723    0
 164613      0.025217     0
 182080      0.0241983    0
 201411      0.0232294    0
 228361      0.0222556    0
 251764      0.0215326    0
 290657      0.0208043    0
 300000      0.0203186    0
 367748      0.0194699    0
 420369      0.018932     0
 488740      0.018332     0
 500000      0.0182414    0
 503527      0.0182414    0
 529678      0.0182417    0
 530537      0.0182415    0
 556990      0.0173517    0
 587692      0.0164036    0
 625614      0.0153667    0
 657436      0.0145966    0
 691947      0.0138337    0
 700000      0.0136656    0
 800000      0.0129346    0
 900000      0.0126028    0
 1E+06       0.0125432    0
 1.13996E+06 0.012801     0
 1.20213E+06 0.01188      0
 1.25E+06    0.0112365    0
 1.26982E+06 0.0111936    0
 1.39013E+06 0.0106696    0
 1.46382E+06 0.0103632    0
 1.5E+06     0.0100623    0
 1.577E+06   0.00982583   0
 1.75E+06    0.00904808   0
 1.79472E+06 0.00899004   0
 1.80459E+06 0.00886311   0
 1.94161E+06 0.00843823   0
 2E+06       0.00816721   0
 2.0612E+06  0.00800938   0
 2.06392E+06 0.00798558   0
 2.10865E+06 0.0078009    0
 2.1432E+06  0.0076273    0
 2.23719E+06 0.00720085   0
 2.3228E+06  0.00684837   0
 2.43514E+06 0.00642805   0
 2.53334E+06 0.00609686   0
 2.64736E+06 0.00574797   0
 2.77523E+06 0.00539582   0
 2.89559E+06 0.0050976    0
 3E+06       0.00485953   0
 3.08028E+06 0.00454467   0
 3.15583E+06 0.00427372   0
 3.25074E+06 0.00396426   0
 3.33612E+06 0.00371192   0
 3.41267E+06 0.00350433   0
 3.51145E+06 0.00325963   0
 3.59632E+06 0.00306801   0
 3.69325E+06 0.00286785   0
 3.79595E+06 0.00267509   0
 3.91124E+06 0.00247956   0
 4E+06       0.00234234   0
 4.081E+06   0.00217305   0
 4.15006E+06 0.00204079   0
 4.22834E+06 0.00190295   0
 4.28801E+06 0.00180572   0
 4.37911E+06 0.00166911   0
 4.47214E+06 0.00154283   0
 4.5627E+06  0.00143729   0
 4.63991E+06 0.00135453   0
 4.72742E+06 0.00126796   0
 4.82302E+06 0.00118133   0
 4.91071E+06 0.00110844   0
 5.0573E+06  0.000996385  0
 5.14449E+06 0.000934298  0
 5.23318E+06 0.000876082  0
 5.35381E+06 0.000812554  0
 5.47723E+06 0.000753634  0
 5.60349E+06 0.000707714  0
 5.73266E+06 0.000664595  0
 5.96601E+06 0.000609999  0
 6E+06       0.000602526  0
 6.23574E+06 0.000587537  0
 6.48074E+06 0.000592072  0
 7E+06       0.00064663   0
 7.48331E+06 0.000734809  0
 7.79192E+06 0.000813648  0
 8E+06       0.000869047  0
 9E+06       0.00101428   0
 1E+07       0.00103023   0
 1.01411E+07 0.0010269    0
 1.02842E+07 0.00102351   0
 1.04292E+07 0.00102008   0
 1.05764E+07 0.0010166    0
 1.07256E+07 0.00101308   0
 1.08769E+07 0.0010095    0
 1.1E+07     0.00100659   0
 1.11552E+07 0.00100378   0
 1.13126E+07 0.00100093   0
 1.14722E+07 0.000998045  0
 1.1634E+07  0.000995115  0
 1.17982E+07 0.000992145  0
 1.19646E+07 0.000989132  0
 1.2E+07     0.000988492  0
 1.21693E+07 0.000988136  0
 1.2341E+07  0.000987774  0
 1.25151E+07 0.000987408  0
 1.26917E+07 0.000987036  0
 1.28707E+07 0.000986659  0
 1.3E+07     0.000986387  0
 1.31834E+07 0.000988908  0
 1.33694E+07 0.000991464  0
 1.3558E+07  0.000994056  0
 1.37493E+07 0.000996685  0
 1.39433E+07 0.00099935   0
 1.4E+07     0.00100013   0
 1.41975E+07 0.00100553   0
 1.43978E+07 0.001011     0
 1.46009E+07 0.00101655   0
 1.48069E+07 0.00102218   0
 1.5E+07     0.00102746   0
 1.52116E+07 0.00103568   0
 1.54262E+07 0.00104402   0
 1.56439E+07 0.00105248   0
 1.58646E+07 0.00106106   0
 1.6E+07     0.00106632   0
 1.62257E+07 0.00107731   0
 1.64546E+07 0.00108846   0
 1.66868E+07 0.00109976   0
 1.69222E+07 0.00111122   0
 1.7E+07     0.00111501   0
 1.72398E+07 0.0011288    0
 1.74831E+07 0.00114278   0
 1.77297E+07 0.00115696   0
 1.79799E+07 0.00117134   0
 1.8E+07     0.0011725    0
 1.82539E+07 0.00118913   0
 1.85115E+07 0.001206     0
 1.87726E+07 0.00122311   0
 1.9E+07     0.001238     0
 1.92681E+07 0.00125757   0
 1.95399E+07 0.00127741   0
 1.98156E+07 0.00129754   0
 2E+07       0.001311     0
